
[0.2 0.2 0.2 0.2 0.2]
wandb: Visualizing heatmap.
[0.19729928 0.20067518 0.20067518 0.20067518 0.20067518]
wandb: Visualizing heatmap.
[0.19601001 0.2009975  0.2009975  0.2009975  0.2009975 ]
[0.19537994 0.20115501 0.20115501 0.20115501 0.20115501]
wandb: Visualizing heatmap.
wandb: Visualizing heatmap.
wandb: Visualizing heatmap.
wandb: Visualizing heatmap.
[0.19729727 0.20067568 0.20067568 0.20067568 0.20067568]
[0.19600704 0.20099824 0.20099824 0.20099824 0.20099824]
[0.19537651 0.20115587 0.20115587 0.20115587 0.20115587]
[0.2 0.2 0.2 0.2 0.2]
[0.2 0.2 0.2 0.2 0.2]
wandb: Visualizing heatmap.
wandb: Visualizing heatmap.
[0.19490726 0.20127319 0.20127319 0.20127319 0.20127319]
[0.1948289  0.20129277 0.20129277 0.20129277 0.20129277]
wandb: Visualizing heatmap.
wandb: Visualizing heatmap.
[0.19478912 0.20130272 0.20130272 0.20130272 0.20130272]
wandb: Visualizing heatmap.
[0.2 0.2 0.2 0.2 0.2]
wandb: Visualizing heatmap.
[0.2 0.2 0.2 0.2 0.2]
[0.19475157 0.20131211 0.20131211 0.20131211 0.20131211]
wandb: Visualizing heatmap.
wandb: Visualizing heatmap.
[0.19474787 0.20131303 0.20131303 0.20131303 0.20131303]
[0.19474536 0.20131366 0.20131366 0.20131366 0.20131366]
wandb: Visualizing heatmap.
wandb: Visualizing heatmap.
[0.2 0.2 0.2 0.2 0.2]
wandb: Visualizing heatmap.
[0.19599417 0.20100146 0.20100146 0.20100146 0.20100146]
wandb: Visualizing heatmap.
wandb: Visualizing heatmap.
[0.19536161 0.2011596  0.2011596  0.2011596  0.2011596 ]
[0.19504843 0.20123789 0.20123789 0.20123789 0.20123789]
wandb: Visualizing heatmap.
[0.19489211 0.20127697 0.20127697 0.20127697 0.20127697]
[0.19489085 0.20127729 0.20127729 0.20127729 0.20127729]
[0.19481224 0.20129694 0.20129694 0.20129694 0.20129694]
[0.19481096 0.20129726 0.20129726 0.20129726 0.20129726]
wandb: Visualizing heatmap.
wandb: Visualizing heatmap.
[0.19477104 0.20130724 0.20130724 0.20130724 0.20130724]
wandb: Visualizing heatmap.
[0.19475044 0.20131239 0.20131239 0.20131239 0.20131239]
[0.19474914 0.20131271 0.20131271 0.20131271 0.20131271]
[0.19474785 0.20131304 0.20131304 0.20131304 0.20131304]
[0.19473689 0.20131578 0.20131578 0.20131578 0.20131578]
wandb: Visualizing heatmap.
wandb: Visualizing heatmap.
[0.2 0.2 0.2 0.2 0.2]
[0.19472946 0.20131764 0.20131764 0.20131764 0.20131764]
[0.2 0.2 0.2 0.2 0.2]
wandb: Visualizing heatmap.
[0.19472443 0.20131889 0.20131889 0.20131889 0.20131889]
[0.19472313 0.20131922 0.20131922 0.20131922 0.20131922]
[0.19472183 0.20131954 0.20131954 0.20131954 0.20131954]
[0.19727579 0.20068105 0.20068105 0.20068105 0.20068105]
wandb: Visualizing heatmap.
wandb: Visualizing heatmap.
[0.19597531 0.20100617 0.20100617 0.20100617 0.20100617]
[0.19597432 0.20100642 0.20100642 0.20100642 0.20100642]
[0.19597332 0.20100667 0.20100667 0.20100667 0.20100667]
[0.19597233 0.20100692 0.20100692 0.20100692 0.20100692]
wandb: Visualizing heatmap.
[0.2 0.2 0.2 0.2 0.2]
wandb: Visualizing heatmap.
[0.19597034 0.20100742 0.20100742 0.20100742 0.20100742]
[0.19533401 0.2011665  0.2011665  0.2011665  0.2011665 ]
[0.19533286 0.20116678 0.20116678 0.20116678 0.20116678]
wandb: Visualizing heatmap.
wandb: Visualizing heatmap.
wandb: Visualizing heatmap.
wandb: Visualizing heatmap.
[0.19533171 0.20116707 0.20116707 0.20116707 0.20116707]
[0.2 0.2 0.2 0.2 0.2]
[0.19485919 0.2012852  0.2012852  0.2012852  0.2012852 ]
[0.19485792 0.20128552 0.20128552 0.20128552 0.20128552]
[0.19485666 0.20128584 0.20128584 0.20128584 0.20128584]
[0.19485539 0.20128615 0.20128615 0.20128615 0.20128615]
[0.19477623 0.20130594 0.20130594 0.20130594 0.20130594]
wandb: Visualizing heatmap.
wandb: Visualizing heatmap.
[0.19473605 0.20131599 0.20131599 0.20131599 0.20131599]
[0.19469711 0.20132572 0.20132572 0.20132572 0.20132572]
wandb: Visualizing heatmap.
wandb: Visualizing heatmap.
wandb: Visualizing heatmap.
wandb: Visualizing heatmap.
[0.19469519 0.2013262  0.2013262  0.2013262  0.2013262 ]
[0.19469388 0.20132653 0.20132653 0.20132653 0.20132653]
[0.19471141 0.20132215 0.20132215 0.20132215 0.20132215]
wandb: Visualizing heatmap.
wandb: Visualizing heatmap.
[0.19470038 0.20132491 0.20132491 0.20132491 0.20132491]
[0.19500174 0.20124956 0.20124956 0.20124956 0.20124956]
wandb: Visualizing heatmap.
wandb: Visualizing heatmap.
[0.19726029 0.20068493 0.20068493 0.20068493 0.20068493]
wandb: Visualizing heatmap.
wandb: Visualizing heatmap.
[0.1959524 0.2010119 0.2010119 0.2010119 0.2010119]
[0.19531325 0.20117169 0.20117169 0.20117169 0.20117169]
wandb: Visualizing heatmap.
wandb: Visualizing heatmap.
[0.19499681 0.2012508  0.2012508  0.2012508  0.2012508 ]
[0.2 0.2 0.2 0.2 0.2]
wandb: Visualizing heatmap.
[0.19475946 0.20131013 0.20131013 0.20131013 0.20131013]
wandb: Visualizing heatmap.
wandb: Visualizing heatmap.
[0.19471915 0.20132021 0.20132021 0.20132021 0.20132021]
[0.2 0.2 0.2 0.2 0.2]
wandb: Visualizing heatmap.
wandb: Visualizing heatmap.
[0.1946873  0.20132817 0.20132817 0.20132817 0.20132817]
[0.1972542  0.20068645 0.20068645 0.20068645 0.20068645]
wandb: Visualizing heatmap.
wandb: Visualizing heatmap.
[0.19594342 0.20101415 0.20101415 0.20101415 0.20101415]
[0.19530284 0.20117429 0.20117429 0.20117429 0.20117429]
wandb: Visualizing heatmap.
wandb: Visualizing heatmap.
[0.19498571 0.20125357 0.20125357 0.20125357 0.20125357]
[0.19467587 0.20133103 0.20133103 0.20133103 0.20133103]
wandb: Visualizing heatmap.
wandb: Visualizing heatmap.
[0.2 0.2 0.2 0.2 0.2]
[0.19466959 0.2013326  0.2013326  0.2013326  0.2013326 ]
wandb: Visualizing heatmap.
[0.2 0.2 0.2 0.2 0.2]
wandb: Visualizing heatmap.
wandb: Visualizing heatmap.
wandb: Visualizing heatmap.
wandb: Visualizing heatmap.
wandb: Visualizing heatmap.
wandb: Visualizing heatmap.
wandb: Visualizing heatmap.
wandb: Visualizing heatmap.
wandb: Visualizing heatmap.
wandb: Visualizing heatmap.
wandb: Visualizing heatmap.
wandb: Visualizing heatmap.
wandb: Visualizing heatmap.
wandb: Visualizing heatmap.
wandb: Visualizing heatmap.
wandb: Visualizing heatmap.
wandb: Visualizing heatmap.
wandb: Visualizing heatmap.
wandb: Visualizing heatmap.
wandb: Visualizing heatmap.
wandb: Visualizing heatmap.
wandb: Visualizing heatmap.
wandb: Visualizing heatmap.
wandb: Visualizing heatmap.
wandb: Visualizing heatmap.
wandb: Visualizing heatmap.
wandb: Visualizing heatmap.
wandb: Visualizing heatmap.
wandb: Visualizing heatmap.
wandb: Visualizing heatmap.
wandb: Visualizing heatmap.
wandb: Visualizing heatmap.
wandb: Visualizing heatmap.
wandb: Visualizing heatmap.
wandb: Visualizing heatmap.
wandb: Visualizing heatmap.
wandb: Visualizing heatmap.
wandb: Visualizing heatmap.
wandb: Visualizing heatmap.
wandb: Visualizing heatmap.
wandb: Visualizing heatmap.
wandb: Visualizing heatmap.
wandb: Visualizing heatmap.
[0.2 0.2 0.2 0.2 0.2]
wandb: Visualizing heatmap.
wandb: Visualizing heatmap.
[0.2 0.2 0.2 0.2 0.2]
[0.19491608 0.20127098 0.20127098 0.20127098 0.20127098]
wandb: Visualizing heatmap.
wandb: Visualizing heatmap.
[0.19483786 0.20129054 0.20129054 0.20129054 0.20129054]
[0.19483658 0.20129085 0.20129085 0.20129085 0.20129085]
[0.19479686 0.20130079 0.20130079 0.20130079 0.20130079]
wandb: Visualizing heatmap.
wandb: Visualizing heatmap.
[0.19477636 0.20130591 0.20130591 0.20130591 0.20130591]
[0.2 0.2 0.2 0.2 0.2]
wandb: Visualizing heatmap.
[0.19475936 0.20131016 0.20131016 0.20131016 0.20131016]
[0.19475806 0.20131048 0.20131048 0.20131048 0.20131048]
[0.2 0.2 0.2 0.2 0.2]
[0.19475547 0.20131113 0.20131113 0.20131113 0.20131113]
wandb: Visualizing heatmap.
wandb: Visualizing heatmap.
[0.19475176 0.20131206 0.20131206 0.20131206 0.20131206]
[0.19474926 0.20131268 0.20131268 0.20131268 0.20131268]
[0.2 0.2 0.2 0.2 0.2]
wandb: Visualizing heatmap.
wandb: Visualizing heatmap.
[0.19474606 0.20131348 0.20131348 0.20131348 0.20131348]
wandb: Visualizing heatmap.
[0.19474446 0.20131388 0.20131388 0.20131388 0.20131388]
[0.19474301 0.20131425 0.20131425 0.20131425 0.20131425]
wandb: Visualizing heatmap.
wandb: Visualizing heatmap.
[0.19474186 0.20131453 0.20131453 0.20131453 0.20131453]
[0.19474041 0.2013149  0.2013149  0.2013149  0.2013149 ]
wandb: Visualizing heatmap.
[0.2 0.2 0.2 0.2 0.2]
wandb: Visualizing heatmap.
wandb: Visualizing heatmap.
[0.19473796 0.20131551 0.20131551 0.20131551 0.20131551]
[0.19473639 0.2013159  0.2013159  0.2013159  0.2013159 ]
wandb: Visualizing heatmap.
wandb: Visualizing heatmap.
[0.2 0.2 0.2 0.2 0.2]
[0.19473376 0.20131656 0.20131656 0.20131656 0.20131656]
wandb: Visualizing heatmap.
wandb: Visualizing heatmap.
[0.19473245 0.20131689 0.20131689 0.20131689 0.20131689]
[0.2 0.2 0.2 0.2 0.2]
[0.19472985 0.20131754 0.20131754 0.20131754 0.20131754]
[0.19472862 0.20131785 0.20131785 0.20131785 0.20131785]
wandb: Visualizing heatmap.
wandb: Visualizing heatmap.
[0.19472724 0.20131819 0.20131819 0.20131819 0.20131819]
[0.19472593 0.20131852 0.20131852 0.20131852 0.20131852]
wandb: Visualizing heatmap.
wandb: Visualizing heatmap.
[0.2 0.2 0.2 0.2 0.2]
[0.19472333 0.20131917 0.20131917 0.20131917 0.20131917]
wandb: Visualizing heatmap.
[0.19472202 0.20131949 0.20131949 0.20131949 0.20131949]
wandb: Visualizing heatmap.
wandb: Visualizing heatmap.
[0.19472075 0.20131981 0.20131981 0.20131981 0.20131981]
[0.19471943 0.20132014 0.20132014 0.20132014 0.20132014]
wandb: Visualizing heatmap.
[0.2 0.2 0.2 0.2 0.2]
[0.19471681 0.2013208  0.2013208  0.2013208  0.2013208 ]
wandb: Visualizing heatmap.
wandb: Visualizing heatmap.
[0.1947155  0.20132113 0.20132113 0.20132113 0.20132113]
wandb: Visualizing heatmap.
[0.19471419 0.20132145 0.20132145 0.20132145 0.20132145]
wandb: Visualizing heatmap.
wandb: Visualizing heatmap.
[0.19471289 0.20132178 0.20132178 0.20132178 0.20132178]
[0.19471158 0.2013221  0.2013221  0.2013221  0.2013221 ]
[0.19471028 0.20132243 0.20132243 0.20132243 0.20132243]
wandb: Visualizing heatmap.
[0.19470912 0.20132272 0.20132272 0.20132272 0.20132272]
[0.19471251 0.20132187 0.20132187 0.20132187 0.20132187]
[0.1947112 0.2013222 0.2013222 0.2013222 0.2013222]
[0.19470989 0.20132253 0.20132253 0.20132253 0.20132253]
wandb: Visualizing heatmap.
wandb: Visualizing heatmap.
[0.19470616 0.20132346 0.20132346 0.20132346 0.20132346]
[0.2 0.2 0.2 0.2 0.2]
[0.19470234 0.20132442 0.20132442 0.20132442 0.20132442]
wandb: Visualizing heatmap.
wandb: Visualizing heatmap.
[0.1946999  0.20132503 0.20132503 0.20132503 0.20132503]
wandb: Visualizing heatmap.
[0.19469855 0.20132536 0.20132536 0.20132536 0.20132536]
[0.19469724 0.20132569 0.20132569 0.20132569 0.20132569]
wandb: Visualizing heatmap.
[0.19469591 0.20132602 0.20132602 0.20132602 0.20132602]
[0.1946946  0.20132635 0.20132635 0.20132635 0.20132635]
[0.2 0.2 0.2 0.2 0.2]
wandb: Visualizing heatmap.
wandb: Visualizing heatmap.
[0.19469197 0.20132701 0.20132701 0.20132701 0.20132701]
wandb: Visualizing heatmap.
wandb: Visualizing heatmap.
[0.19469066 0.20132733 0.20132733 0.20132733 0.20132733]
[0.2 0.2 0.2 0.2 0.2]
wandb: Visualizing heatmap.
wandb: Visualizing heatmap.
[0.19468804 0.20132799 0.20132799 0.20132799 0.20132799]
[0.19468673 0.20132832 0.20132832 0.20132832 0.20132832]
wandb: Visualizing heatmap.
wandb: Visualizing heatmap.
[0.19468542 0.20132864 0.20132864 0.20132864 0.20132864]
[0.19468411 0.20132897 0.20132897 0.20132897 0.20132897]
wandb: Visualizing heatmap.
[0.1946828 0.2013293 0.2013293 0.2013293 0.2013293]
wandb: Visualizing heatmap.
wandb: Visualizing heatmap.
[0.19468149 0.20132963 0.20132963 0.20132963 0.20132963]
[0.19468018 0.20132995 0.20132995 0.20132995 0.20132995]
[0.19467887 0.20133028 0.20133028 0.20133028 0.20133028]
[0.19467756 0.20133061 0.20133061 0.20133061 0.20133061]
wandb: Visualizing heatmap.
wandb: Visualizing heatmap.
[0.19467625 0.20133094 0.20133094 0.20133094 0.20133094]
[0.19467493 0.20133127 0.20133127 0.20133127 0.20133127]
[0.19467362 0.20133159 0.20133159 0.20133159 0.20133159]
[0.19467231 0.20133192 0.20133192 0.20133192 0.20133192]
wandb: Visualizing heatmap.
wandb: Visualizing heatmap.
[0.2 0.2 0.2 0.2 0.2]
[0.19466969 0.20133258 0.20133258 0.20133258 0.20133258]
wandb: Visualizing heatmap.
wandb: Visualizing heatmap.
[0.19466837 0.20133291 0.20133291 0.20133291 0.20133291]
[0.19466706 0.20133323 0.20133323 0.20133323 0.20133323]
[0.19466575 0.20133356 0.20133356 0.20133356 0.20133356]
wandb: Visualizing heatmap.
wandb: Visualizing heatmap.
[0.2 0.2 0.2 0.2 0.2]
[0.19466312 0.20133422 0.20133422 0.20133422 0.20133422]
[0.19466181 0.20133455 0.20133455 0.20133455 0.20133455]
[0.2 0.2 0.2 0.2 0.2]
[0.19465918 0.20133521 0.20133521 0.20133521 0.20133521]
[0.19465786 0.20133553 0.20133553 0.20133553 0.20133553]
wandb: Visualizing heatmap.
[0.19465655 0.20133586 0.20133586 0.20133586 0.20133586]
[0.19465524 0.20133619 0.20133619 0.20133619 0.20133619]
[0.2 0.2 0.2 0.2 0.2]
wandb: Visualizing heatmap.
wandb: Visualizing heatmap.
[0.1946526  0.20133685 0.20133685 0.20133685 0.20133685]
[0.1946519  0.20133703 0.20133703 0.20133703 0.20133703]
wandb: Visualizing heatmap.
wandb: Visualizing heatmap.
[0.19465028 0.20133743 0.20133743 0.20133743 0.20133743]
[0.2 0.2 0.2 0.2 0.2]
wandb: Visualizing heatmap.
wandb: Visualizing heatmap.
wandb: Visualizing heatmap.
[0.2 0.2 0.2 0.2 0.2]
[0.19464606 0.20133848 0.20133848 0.20133848 0.20133848]
wandb: Visualizing heatmap.
wandb: Visualizing heatmap.
[0.19464473 0.20133882 0.20133882 0.20133882 0.20133882]
[0.1946434  0.20133915 0.20133915 0.20133915 0.20133915]
wandb: Visualizing heatmap.
[0.19464208 0.20133948 0.20133948 0.20133948 0.20133948]
[0.19464076 0.20133981 0.20133981 0.20133981 0.20133981]
[0.19463944 0.20134014 0.20134014 0.20134014 0.20134014]
[0.19463812 0.20134047 0.20134047 0.20134047 0.20134047]
wandb: Visualizing heatmap.
wandb: Visualizing heatmap.
[0.19463681 0.2013408  0.2013408  0.2013408  0.2013408 ]
[0.19479294 0.20130176 0.20130176 0.20130176 0.20130176]
wandb: Visualizing heatmap.
wandb: Visualizing heatmap.
[0.19479166 0.20130208 0.20130208 0.20130208 0.20130208]
[0.19463285 0.20134179 0.20134179 0.20134179 0.20134179]
wandb: Visualizing heatmap.
wandb: Visualizing heatmap.
[0.19463153 0.20134212 0.20134212 0.20134212 0.20134212]
[0.19463021 0.20134245 0.20134245 0.20134245 0.20134245]
[0.2 0.2 0.2 0.2 0.2]
wandb: Visualizing heatmap.
wandb: Visualizing heatmap.
[0.19462758 0.20134311 0.20134311 0.20134311 0.20134311]
[0.19462626 0.20134344 0.20134344 0.20134344 0.20134344]
[0.19462494 0.20134377 0.20134377 0.20134377 0.20134377]
wandb: Visualizing heatmap.
wandb: Visualizing heatmap.
[0.19462362 0.2013441  0.2013441  0.2013441  0.2013441 ]
wandb: Visualizing heatmap.
wandb: Visualizing heatmap.
[0.1946223  0.20134443 0.20134443 0.20134443 0.20134443]
[0.19462098 0.20134476 0.20134476 0.20134476 0.20134476]
[0.19461966 0.20134509 0.20134509 0.20134509 0.20134509]
wandb: Visualizing heatmap.
wandb: Visualizing heatmap.
[0.19461834 0.20134542 0.20134542 0.20134542 0.20134542]
[0.19461702 0.20134575 0.20134575 0.20134575 0.20134575]
wandb: Visualizing heatmap.
wandb: Visualizing heatmap.
[0.19469463 0.20132634 0.20132634 0.20132634 0.20132634]
[0.19364597 0.20045782 0.20045782 0.20498056 0.20045782]
wandb: Visualizing heatmap.
wandb: Visualizing heatmap.
[0.19380407 0.20041765 0.20041765 0.20041765 0.20494296]
[0.19364374 0.20045903 0.20045903 0.20497915 0.20045903]
[0.19364267 0.20045963 0.20045963 0.20497844 0.20045963]
wandb: Visualizing heatmap.
wandb: Visualizing heatmap.
[0.19838056 0.19838056 0.19838056 0.19838056 0.20647776]
[0.19627076 0.19978724 0.19978724 0.19978724 0.20436753]
wandb: Visualizing heatmap.
wandb: Visualizing heatmap.
[0.19838073 0.19838073 0.19838073 0.19838073 0.20647707]
[0.19363831 0.20046203 0.20046203 0.2049756  0.20046203]
wandb: Visualizing heatmap.
wandb: Visualizing heatmap.
[0.1983809  0.1983809  0.1983809  0.20647638 0.1983809 ]
[0.19363614 0.20046323 0.20046323 0.20497418 0.20046323]
[0.19838108 0.19838108 0.19838108 0.20647569 0.19838108]
wandb: Visualizing heatmap.
wandb: Visualizing heatmap.
[0.19363396 0.20046443 0.20046443 0.20497276 0.20046443]
[0.19363288 0.20046503 0.20046503 0.20497204 0.20046503]
wandb: Visualizing heatmap.
wandb: Visualizing heatmap.
[0.1936318  0.20046562 0.20046562 0.20497133 0.20046562]
[0.19838142 0.19838142 0.19838142 0.20647432 0.19838142]
[0.2 0.2 0.2 0.2 0.2]
wandb: Visualizing heatmap.
[0.19461301 0.20134675 0.20134675 0.20134675 0.20134675]
wandb: Visualizing heatmap.
[0.2 0.2 0.2 0.2 0.2]
[0.2 0.2 0.2 0.2 0.2]
[0.19459418 0.20135145 0.20135145 0.20135145 0.20135145]
wandb: Visualizing heatmap.
wandb: Visualizing heatmap.
[0.19459038 0.20135241 0.20135241 0.20135241 0.20135241]
[0.19458905 0.20135274 0.20135274 0.20135274 0.20135274]
wandb: Visualizing heatmap.
wandb: Visualizing heatmap.
[0.19458649 0.20135338 0.20135338 0.20135338 0.20135338]
[0.19458516 0.20135371 0.20135371 0.20135371 0.20135371]
[0.19458322 0.2013542  0.2013542  0.2013542  0.2013542 ]
wandb: Visualizing heatmap.
wandb: Visualizing heatmap.
[0.19458158 0.2013546  0.2013546  0.2013546  0.2013546 ]
[0.1945801  0.20135497 0.20135497 0.20135497 0.20135497]
wandb: Visualizing heatmap.
[0.19457862 0.20135534 0.20135534 0.20135534 0.20135534]
wandb: Visualizing heatmap.
wandb: Visualizing heatmap.
[0.19457729 0.20135568 0.20135568 0.20135568 0.20135568]
[0.19457597 0.20135601 0.20135601 0.20135601 0.20135601]
wandb: Visualizing heatmap.
wandb: Visualizing heatmap.
[0.19457464 0.20135634 0.20135634 0.20135634 0.20135634]
[0.19457331 0.20135667 0.20135667 0.20135667 0.20135667]
[0.19457198 0.201357   0.201357   0.201357   0.201357  ]
wandb: Visualizing heatmap.
wandb: Visualizing heatmap.
[0.19457066 0.20135734 0.20135734 0.20135734 0.20135734]
[0.19456933 0.20135767 0.20135767 0.20135767 0.20135767]
wandb: Visualizing heatmap.
[0.194568 0.201358 0.201358 0.201358 0.201358]
[0.19456667 0.20135833 0.20135833 0.20135833 0.20135833]
[0.19456534 0.20135866 0.20135866 0.20135866 0.20135866]
[0.19456401 0.201359   0.201359   0.201359   0.201359  ]
wandb: Visualizing heatmap.
wandb: Visualizing heatmap.
wandb: Visualizing heatmap.
[0.19456268 0.20135933 0.20135933 0.20135933 0.20135933]
[0.19456135 0.20135966 0.20135966 0.20135966 0.20135966]
wandb: Visualizing heatmap.
wandb: Visualizing heatmap.
[0.19456002 0.20135999 0.20135999 0.20135999 0.20135999]
[0.19455869 0.20136033 0.20136033 0.20136033 0.20136033]
[0.19455736 0.20136066 0.20136066 0.20136066 0.20136066]
wandb: Visualizing heatmap.
wandb: Visualizing heatmap.
[0.19455603 0.20136099 0.20136099 0.20136099 0.20136099]
[0.1945547  0.20136132 0.20136132 0.20136132 0.20136132]
wandb: Visualizing heatmap.
wandb: Visualizing heatmap.
[0.19455337 0.20136166 0.20136166 0.20136166 0.20136166]
[0.19455204 0.20136199 0.20136199 0.20136199 0.20136199]
wandb: Visualizing heatmap.
wandb: Visualizing heatmap.
[0.19455079 0.2013623  0.2013623  0.2013623  0.2013623 ]
[0.2 0.2 0.2 0.2 0.2]
wandb: Visualizing heatmap.
wandb: Visualizing heatmap.
[0.2 0.2 0.2 0.2 0.2]
[0.2 0.2 0.2 0.2 0.2]
wandb: Visualizing heatmap.
wandb: Visualizing heatmap.
[0.19454538 0.20136365 0.20136365 0.20136365 0.20136365]
[0.19454405 0.20136399 0.20136399 0.20136399 0.20136399]
wandb: Visualizing heatmap.
wandb: Visualizing heatmap.
[0.19454272 0.20136432 0.20136432 0.20136432 0.20136432]
[0.19454139 0.20136465 0.20136465 0.20136465 0.20136465]
wandb: Visualizing heatmap.
wandb: Visualizing heatmap.
[0.19454005 0.20136499 0.20136499 0.20136499 0.20136499]
[0.19453872 0.20136532 0.20136532 0.20136532 0.20136532]
wandb: Visualizing heatmap.
wandb: Visualizing heatmap.
[0.19453739 0.20136565 0.20136565 0.20136565 0.20136565]
[0.19453605 0.20136599 0.20136599 0.20136599 0.20136599]
wandb: Visualizing heatmap.
wandb: Visualizing heatmap.
[0.19453472 0.20136632 0.20136632 0.20136632 0.20136632]
[0.19453339 0.20136665 0.20136665 0.20136665 0.20136665]
wandb: Visualizing heatmap.
[0.19453205 0.20136699 0.20136699 0.20136699 0.20136699]
[0.19453072 0.20136732 0.20136732 0.20136732 0.20136732]
wandb: Visualizing heatmap.
wandb: Visualizing heatmap.
[0.2 0.2 0.2 0.2 0.2]
[0.19452805 0.20136799 0.20136799 0.20136799 0.20136799]
wandb: Visualizing heatmap.
wandb: Visualizing heatmap.
[0.19452671 0.20136832 0.20136832 0.20136832 0.20136832]
[0.19452538 0.20136866 0.20136866 0.20136866 0.20136866]
wandb: Visualizing heatmap.
wandb: Visualizing heatmap.
[0.19452404 0.20136899 0.20136899 0.20136899 0.20136899]
[0.19452271 0.20136932 0.20136932 0.20136932 0.20136932]
wandb: Visualizing heatmap.
wandb: Visualizing heatmap.
[0.2 0.2 0.2 0.2 0.2]
[0.2 0.2 0.2 0.2 0.2]
wandb: Visualizing heatmap.
wandb: Visualizing heatmap.
[0.1945187  0.20137032 0.20137032 0.20137032 0.20137032]
[0.2 0.2 0.2 0.2 0.2]
wandb: Visualizing heatmap.
wandb: Visualizing heatmap.
[0.2 0.2 0.2 0.2 0.2]
[0.19451469 0.20137133 0.20137133 0.20137133 0.20137133]
wandb: Visualizing heatmap.
wandb: Visualizing heatmap.
[0.19451335 0.20137166 0.20137166 0.20137166 0.20137166]
[0.19451202 0.201372   0.201372   0.201372   0.201372  ]
[0.19451068 0.20137233 0.20137233 0.20137233 0.20137233]
[0.2 0.2 0.2 0.2 0.2]
wandb: Visualizing heatmap.
wandb: Visualizing heatmap.
[0.194508 0.201373 0.201373 0.201373 0.201373]
[0.19450667 0.20137333 0.20137333 0.20137333 0.20137333]
[0.19450533 0.20137367 0.20137367 0.20137367 0.20137367]
wandb: Visualizing heatmap.
wandb: Visualizing heatmap.
[0.19450399 0.201374   0.201374   0.201374   0.201374  ]
wandb: Visualizing heatmap.
wandb: Visualizing heatmap.
[0.19450265 0.20137434 0.20137434 0.20137434 0.20137434]
[0.19450131 0.20137467 0.20137467 0.20137467 0.20137467]
[0.19449997 0.20137501 0.20137501 0.20137501 0.20137501]
[0.19449863 0.20137534 0.20137534 0.20137534 0.20137534]
wandb: Visualizing heatmap.
wandb: Visualizing heatmap.
[0.19449729 0.20137568 0.20137568 0.20137568 0.20137568]
[0.19449595 0.20137601 0.20137601 0.20137601 0.20137601]
wandb: Visualizing heatmap.
[0.19449461 0.20137635 0.20137635 0.20137635 0.20137635]
[0.19449327 0.20137668 0.20137668 0.20137668 0.20137668]
wandb: Visualizing heatmap.
wandb: Visualizing heatmap.
[0.19449193 0.20137702 0.20137702 0.20137702 0.20137702]
[0.19449059 0.20137735 0.20137735 0.20137735 0.20137735]
wandb: Visualizing heatmap.
[0.19448925 0.20137769 0.20137769 0.20137769 0.20137769]
[0.2 0.2 0.2 0.2 0.2]
[0.19448657 0.20137836 0.20137836 0.20137836 0.20137836]
wandb: Visualizing heatmap.
wandb: Visualizing heatmap.
[0.2 0.2 0.2 0.2 0.2]
wandb: Visualizing heatmap.
wandb: Visualizing heatmap.
[0.19448389 0.20137903 0.20137903 0.20137903 0.20137903]
[0.2 0.2 0.2 0.2 0.2]
wandb: Visualizing heatmap.
[0.1944812 0.2013797 0.2013797 0.2013797 0.2013797]
[0.19447986 0.20138003 0.20138003 0.20138003 0.20138003]
[0.2 0.2 0.2 0.2 0.2]
[0.2 0.2 0.2 0.2 0.2]
wandb: Visualizing heatmap.
wandb: Visualizing heatmap.
[0.19447584 0.20138104 0.20138104 0.20138104 0.20138104]
wandb: Visualizing heatmap.
wandb: Visualizing heatmap.
[0.19447449 0.20138138 0.20138138 0.20138138 0.20138138]
[0.19447315 0.20138171 0.20138171 0.20138171 0.20138171]
wandb: Visualizing heatmap.
wandb: Visualizing heatmap.
[0.19447181 0.20138205 0.20138205 0.20138205 0.20138205]
[0.19447046 0.20138238 0.20138238 0.20138238 0.20138238]
[0.2 0.2 0.2 0.2 0.2]
wandb: Visualizing heatmap.
wandb: Visualizing heatmap.
[0.19446777 0.20138306 0.20138306 0.20138306 0.20138306]
[0.19446643 0.20138339 0.20138339 0.20138339 0.20138339]
[0.19446512 0.20138372 0.20138372 0.20138372 0.20138372]
wandb: Visualizing heatmap.
wandb: Visualizing heatmap.
[0.19446376 0.20138406 0.20138406 0.20138406 0.20138406]
[0.19446241 0.2013844  0.2013844  0.2013844  0.2013844 ]
wandb: Visualizing heatmap.
wandb: Visualizing heatmap.
[0.19446105 0.20138474 0.20138474 0.20138474 0.20138474]
[0.2 0.2 0.2 0.2 0.2]
wandb: Visualizing heatmap.
wandb: Visualizing heatmap.
[0.19445836 0.20138541 0.20138541 0.20138541 0.20138541]
[0.19445702 0.20138575 0.20138575 0.20138575 0.20138575]
wandb: Visualizing heatmap.
wandb: Visualizing heatmap.
[0.19445567 0.20138608 0.20138608 0.20138608 0.20138608]
[0.19445432 0.20138642 0.20138642 0.20138642 0.20138642]
wandb: Visualizing heatmap.
wandb: Visualizing heatmap.
[0.19351418 0.20053073 0.20053073 0.20489362 0.20053073]
[0.19353356 0.2005261  0.2005261  0.2005261  0.20488815]
[0.19352222 0.20052933 0.20052933 0.20052933 0.2048898 ]
wandb: Visualizing heatmap.
wandb: Visualizing heatmap.
[0.19839098 0.19839098 0.19839098 0.19839098 0.2064361 ]
[0.19351491 0.20053185 0.20053185 0.20053185 0.20488954]
wandb: Visualizing heatmap.
[0.19350869 0.20053377 0.20053377 0.20489    0.20053377]
[0.19839124 0.19839124 0.19839124 0.19839124 0.20643505]
wandb: Visualizing heatmap.
wandb: Visualizing heatmap.
wandb: Visualizing heatmap.
[0.19350905 0.20053433 0.20053433 0.20053433 0.20488795]
[0.19350667 0.20053527 0.20053527 0.20053527 0.20488752]
[0.19350493 0.20053604 0.20053604 0.20053604 0.20488694]
wandb: Visualizing heatmap.
[0.19350351 0.20053673 0.20053673 0.20053673 0.20488629]
[0.19350241 0.20053734 0.20053734 0.20053734 0.20488556]
wandb: Visualizing heatmap.
wandb: Visualizing heatmap.
[0.19350115 0.20053799 0.20053799 0.20053799 0.20488487]
[0.19350005 0.2005386  0.2005386  0.2005386  0.20488415]
[0.19483471 0.20019713 0.20019713 0.20019713 0.20457389]
[0.19483393 0.20019766 0.20019766 0.20019766 0.20457309]
[0.19483316 0.20019818 0.20019818 0.20019818 0.20457229]
[0.19483238 0.20019871 0.20019871 0.20019871 0.20457149]
wandb: Visualizing heatmap.
wandb: Visualizing heatmap.
[0.19349447 0.20054167 0.20054167 0.20054167 0.20488053]
[0.19839238 0.19839238 0.19839238 0.20643049 0.19839238]
wandb: Visualizing heatmap.
wandb: Visualizing heatmap.
[0.19349218 0.20054291 0.20054291 0.20487909 0.20054291]
[0.19349108 0.20054352 0.20054352 0.20487836 0.20054352]
wandb: Visualizing heatmap.
[0.19348998 0.20054413 0.20054413 0.20487764 0.20054413]
[0.19348888 0.20054474 0.20054474 0.20487691 0.20054474]
wandb: Visualizing heatmap.
wandb: Visualizing heatmap.
wandb: Visualizing heatmap.
[0.19348778 0.20054535 0.20054535 0.20487618 0.20054535]
[0.19348667 0.20054596 0.20054596 0.20487545 0.20054596]
[0.19348557 0.20054657 0.20054657 0.20487472 0.20054657]
wandb: Visualizing heatmap.
wandb: Visualizing heatmap.
[0.19839308 0.19839308 0.19839308 0.19839308 0.20642768]
[0.19414819 0.20037753 0.20037753 0.20037753 0.20471921]
wandb: Visualizing heatmap.
wandb: Visualizing heatmap.
[0.19839326 0.19839326 0.19839326 0.19839326 0.20642697]
[0.19839334 0.19839334 0.19839334 0.19839334 0.20642662]
[0.19356263 0.20052848 0.20052848 0.20052848 0.20485195]
wandb: Visualizing heatmap.
wandb: Visualizing heatmap.
[0.19352023 0.20053966 0.20053966 0.20053966 0.20486079]
[0.19351913 0.20054027 0.20054027 0.20054027 0.20486006]
[0.19351804 0.20054088 0.20054088 0.20054088 0.20485932]
wandb: Visualizing heatmap.
wandb: Visualizing heatmap.
[0.19347566 0.20055206 0.20055206 0.20055206 0.20486816]
[0.19839387 0.19839387 0.19839387 0.19839387 0.20642451]
[0.19347344 0.20055329 0.20055329 0.20055329 0.2048667 ]
wandb: Visualizing heatmap.
[0.19347233 0.2005539  0.2005539  0.2005539  0.20486597]
[0.19839414 0.19839414 0.19839414 0.19839414 0.20642345]
[0.19347012 0.20055512 0.20055512 0.20055512 0.20486452]
[0.19346901 0.20055573 0.20055573 0.20055573 0.20486379]
[0.1983944  0.1983944  0.1983944  0.1983944  0.20642239]
wandb: Visualizing heatmap.
wandb: Visualizing heatmap.
[0.19839449 0.19839449 0.19839449 0.20642204 0.19839449]
[0.1934657  0.20055757 0.20055757 0.20055757 0.20486159]
wandb: Visualizing heatmap.
wandb: Visualizing heatmap.
wandb: Visualizing heatmap.
[0.19839467 0.19839467 0.19839467 0.19839467 0.20642134]
[0.19347383 0.20055614 0.20055614 0.20055614 0.20485773]
wandb: Visualizing heatmap.
wandb: Visualizing heatmap.
[0.19346756 0.20055808 0.20055808 0.20055808 0.2048582 ]
[0.19346386 0.20055936 0.20055936 0.20055936 0.20485807]
wandb: Visualizing heatmap.
wandb: Visualizing heatmap.
[0.19839502 0.19839502 0.19839502 0.19839502 0.20641993]
[0.19345906 0.20056124 0.20056124 0.20485721 0.20056124]
wandb: Visualizing heatmap.
wandb: Visualizing heatmap.
[0.19438405 0.20140399 0.20140399 0.20140399 0.20140399]
[0.19438269 0.20140433 0.20140433 0.20140433 0.20140433]
[0.19438134 0.20140467 0.20140467 0.20140467 0.20140467]
wandb: Visualizing heatmap.
wandb: Visualizing heatmap.
wandb: Visualizing heatmap.
[0.19437998 0.20140501 0.20140501 0.20140501 0.20140501]
[0.19437862 0.20140534 0.20140534 0.20140534 0.20140534]
wandb: Visualizing heatmap.
wandb: Visualizing heatmap.
[0.19437726 0.20140568 0.20140568 0.20140568 0.20140568]
[0.2 0.2 0.2 0.2 0.2]
[0.2 0.2 0.2 0.2 0.2]
wandb: Visualizing heatmap.
wandb: Visualizing heatmap.
[0.2 0.2 0.2 0.2 0.2]
[0.19437183 0.20140704 0.20140704 0.20140704 0.20140704]
[0.19437047 0.20140738 0.20140738 0.20140738 0.20140738]
