
[0.2 0.2 0.2 0.2 0.2]
wandb: Visualizing heatmap.
[0.1961179  0.20097053 0.20097053 0.20097053 0.20097053]
wandb: Visualizing heatmap.
[0.19426478 0.2014338  0.2014338  0.2014338  0.2014338 ]
wandb: Visualizing heatmap.
wandb: Visualizing heatmap.
wandb: Visualizing heatmap.
[0.19335928 0.20166018 0.20166018 0.20166018 0.20166018]
[0.19611528 0.20097118 0.20097118 0.20097118 0.20097118]
[0.19426091 0.20143477 0.20143477 0.20143477 0.20143477]
[0.19335479 0.2016613  0.2016613  0.2016613  0.2016613 ]
wandb: Visualizing heatmap.
wandb: Visualizing heatmap.
[0.2 0.2 0.2 0.2 0.2]
[0.2 0.2 0.2 0.2 0.2]
wandb: Visualizing heatmap.
[0.19268086 0.20182979 0.20182979 0.20182979 0.20182979]
[0.19256841 0.2018579  0.2018579  0.2018579  0.2018579 ]
wandb: Visualizing heatmap.
wandb: Visualizing heatmap.
[0.19251142 0.20187215 0.20187215 0.20187215 0.20187215]
wandb: Visualizing heatmap.
[0.2 0.2 0.2 0.2 0.2]
[0.2 0.2 0.2 0.2 0.2]
wandb: Visualizing heatmap.
wandb: Visualizing heatmap.
wandb: Visualizing heatmap.
wandb: Visualizing heatmap.
[0.19245797 0.20188551 0.20188551 0.20188551 0.20188551]
wandb: Visualizing heatmap.
[0.19245282 0.2018868  0.2018868  0.2018868  0.2018868 ]
[0.19244939 0.20188765 0.20188765 0.20188765 0.20188765]
wandb: Visualizing heatmap.
wandb: Visualizing heatmap.
[0.2 0.2 0.2 0.2 0.2]
wandb: Visualizing heatmap.
[0.19424412 0.20143897 0.20143897 0.20143897 0.20143897]
[0.19333536 0.20166616 0.20166616 0.20166616 0.20166616]
wandb: Visualizing heatmap.
[0.19288554 0.20177862 0.20177862 0.20177862 0.20177862]
wandb: Visualizing heatmap.
wandb: Visualizing heatmap.
[0.1926611  0.20183472 0.20183472 0.20183472 0.20183472]
[0.19265946 0.20183514 0.20183514 0.20183514 0.20183514]
[0.19254669 0.20186333 0.20186333 0.20186333 0.20186333]
[0.19254501 0.20186375 0.20186375 0.20186375 0.20186375]
wandb: Visualizing heatmap.
[0.19248784 0.20187804 0.20187804 0.20187804 0.20187804]
wandb: Visualizing heatmap.
[0.19245842 0.2018854  0.2018854  0.2018854  0.2018854 ]
[0.19245673 0.20188582 0.20188582 0.20188582 0.20188582]
[0.19245503 0.20188624 0.20188624 0.20188624 0.20188624]
wandb: Visualizing heatmap.
[0.19243947 0.20189013 0.20189013 0.20189013 0.20189013]
[0.20511596 0.17953618 0.20511596 0.20511596 0.20511596]
wandb: Visualizing heatmap.
[0.19735105 0.18147889 0.20705669 0.20705669 0.20705669]
[0.20511516 0.17953935 0.20511516 0.20511516 0.20511516]
[0.20252253 0.16000184 0.21249188 0.21249188 0.21249188]
[0.20251994 0.16000561 0.21249148 0.21249148 0.21249148]
wandb: Visualizing heatmap.
wandb: Visualizing heatmap.
[0.20251734 0.16000939 0.21249109 0.21249109 0.21249109]
[0.20110081 0.20611677 0.18054888 0.20611677 0.20611677]
wandb: Visualizing heatmap.
[0.20441089 0.21201562 0.18577894 0.18577894 0.21201562]
[0.20440872 0.21201512 0.18578052 0.18578052 0.21201512]
[0.20440655 0.21201462 0.18578211 0.18578211 0.21201462]
[0.20440437 0.21201412 0.1857837  0.1857837  0.21201412]
wandb: Visualizing heatmap.
[0.21616087 0.18922608 0.18922608 0.18922608 0.21616087]
wandb: Visualizing heatmap.
[0.21420123 0.19644969 0.19644969 0.16877166 0.22412772]
wandb: Visualizing heatmap.
[0.22003865 0.17364275 0.2021062  0.17364275 0.23056965]
[0.2200344  0.17364566 0.20210665 0.17364566 0.23056764]
wandb: Visualizing heatmap.
wandb: Visualizing heatmap.
[0.20794182 0.16435707 0.21820903 0.21820903 0.19128305]
[0.22213498 0.16679753 0.22213498 0.19446625 0.19446625]
wandb: Visualizing heatmap.
[0.21976715 0.173718   0.23062523 0.173718   0.20217161]
[0.21976284 0.17372093 0.23062323 0.17372093 0.20217208]
[0.21975853 0.17372385 0.23062123 0.17372385 0.20217254]
[0.21975422 0.17372677 0.23061923 0.17372677 0.202173  ]
wandb: Visualizing heatmap.
[0.22567493 0.15145042 0.2368356  0.17841416 0.20762488]
wandb: Visualizing heatmap.
wandb: Visualizing heatmap.
[0.23245955 0.15601226 0.2439586  0.18378479 0.18378479]
[0.23966384 0.16085622 0.22050483 0.18948755 0.18948755]
wandb: Visualizing heatmap.
[0.24732794 0.1660093  0.19555425 0.19555425 0.19555425]
wandb: Visualizing heatmap.
[0.25484915 0.17106703 0.2015084  0.2015084  0.17106703]
wandb: Visualizing heatmap.
wandb: Visualizing heatmap.
[0.26166751 0.17565349 0.20690721 0.20690721 0.14886458]
[0.26885976 0.15296806 0.21260207 0.21260207 0.15296806]
wandb: Visualizing heatmap.
wandb: Visualizing heatmap.
[0.27493351 0.13380506 0.21741284 0.21741284 0.15643574]
[0.28425427 0.13835529 0.19084707 0.22479174 0.16175163]
wandb: Visualizing heatmap.
[0.2942278  0.1432242  0.19755409 0.19755409 0.16743981]
wandb: Visualizing heatmap.
wandb: Visualizing heatmap.
[0.22626424 0.17880873 0.17880873 0.17880873 0.23730957]
[0.23246967 0.18378968 0.18378968 0.15604259 0.24390838]
wandb: Visualizing heatmap.
[0.2475027  0.18592513 0.18592513 0.13314435 0.2475027 ]
wandb: Visualizing heatmap.
[0.24503181 0.16454204 0.19379097 0.13947152 0.25716367]
wandb: Visualizing heatmap.
wandb: Visualizing heatmap.
[0.24501564 0.16454842 0.19379452 0.13948033 0.25716109]
[0.2547267  0.16212299 0.19136627 0.13705733 0.2547267 ]
wandb: Visualizing heatmap.
wandb: Visualizing heatmap.
[0.24499443 0.1645584  0.19379885 0.13949516 0.25715315]
[0.23746458 0.15951049 0.2185521  0.13521908 0.24925374]
wandb: Visualizing heatmap.
wandb: Visualizing heatmap.
wandb: Visualizing heatmap.
wandb: Visualizing heatmap.
wandb: Visualizing heatmap.
wandb: Visualizing heatmap.
wandb: Visualizing heatmap.
wandb: Visualizing heatmap.
wandb: Visualizing heatmap.
wandb: Visualizing heatmap.
wandb: Visualizing heatmap.
wandb: Visualizing heatmap.
wandb: Visualizing heatmap.
wandb: Visualizing heatmap.
wandb: Visualizing heatmap.
wandb: Visualizing heatmap.
wandb: Visualizing heatmap.
wandb: Visualizing heatmap.
wandb: Visualizing heatmap.
wandb: Visualizing heatmap.
wandb: Visualizing heatmap.
wandb: Visualizing heatmap.
wandb: Visualizing heatmap.
wandb: Visualizing heatmap.
wandb: Visualizing heatmap.
wandb: Visualizing heatmap.
wandb: Visualizing heatmap.
wandb: Visualizing heatmap.
wandb: Visualizing heatmap.
wandb: Visualizing heatmap.
wandb: Visualizing heatmap.
wandb: Visualizing heatmap.
wandb: Visualizing heatmap.
wandb: Visualizing heatmap.
wandb: Visualizing heatmap.
wandb: Visualizing heatmap.
wandb: Visualizing heatmap.
wandb: Visualizing heatmap.
wandb: Visualizing heatmap.
wandb: Visualizing heatmap.
wandb: Visualizing heatmap.
wandb: Visualizing heatmap.
wandb: Visualizing heatmap.
wandb: Visualizing heatmap.
wandb: Visualizing heatmap.
wandb: Visualizing heatmap.
wandb: Visualizing heatmap.
wandb: Visualizing heatmap.
wandb: Visualizing heatmap.
[0.19336376 0.20165906 0.20165906 0.20165906 0.20165906]
[0.19247395 0.20188151 0.20188151 0.20188151 0.20188151]
wandb: Visualizing heatmap.
wandb: Visualizing heatmap.
[0.19247183 0.20188204 0.20188204 0.20188204 0.20188204]
wandb: Visualizing heatmap.
[0.19246991 0.20188252 0.20188252 0.20188252 0.20188252]
[0.2 0.2 0.2 0.2 0.2]
wandb: Visualizing heatmap.
wandb: Visualizing heatmap.
wandb: Visualizing heatmap.
[0.19290947 0.20177263 0.20177263 0.20177263 0.20177263]
[0.2 0.2 0.2 0.2 0.2]
[0.2 0.2 0.2 0.2 0.2]
wandb: Visualizing heatmap.
wandb: Visualizing heatmap.
[0.2 0.2 0.2 0.2 0.2]
[0.19248715 0.20187821 0.20187821 0.20187821 0.20187821]
wandb: Visualizing heatmap.
wandb: Visualizing heatmap.
[0.19247165 0.20188209 0.20188209 0.20188209 0.20188209]
[0.19246996 0.20188251 0.20188251 0.20188251 0.20188251]
[0.19246136 0.20188466 0.20188466 0.20188466 0.20188466]
wandb: Visualizing heatmap.
wandb: Visualizing heatmap.
[0.19245621 0.20188595 0.20188595 0.20188595 0.20188595]
wandb: Visualizing heatmap.
[0.2 0.2 0.2 0.2 0.2]
wandb: Visualizing heatmap.
[0.19245023 0.20188744 0.20188744 0.20188744 0.20188744]
[0.19244853 0.20188787 0.20188787 0.20188787 0.20188787]
[0.2 0.2 0.2 0.2 0.2]
[0.19244514 0.20188872 0.20188872 0.20188872 0.20188872]
wandb: Visualizing heatmap.
[0.19244301 0.20188925 0.20188925 0.20188925 0.20188925]
wandb: Visualizing heatmap.
[0.1924411  0.20188973 0.20188973 0.20188973 0.20188973]
[0.2 0.2 0.2 0.2 0.2]
[0.1924376 0.2018906 0.2018906 0.2018906 0.2018906]
wandb: Visualizing heatmap.
wandb: Visualizing heatmap.
[0.19243584 0.20189104 0.20189104 0.20189104 0.20189104]
wandb: Visualizing heatmap.
[0.19243412 0.20189147 0.20189147 0.20189147 0.20189147]
[0.19243245 0.20189189 0.20189189 0.20189189 0.20189189]
wandb: Visualizing heatmap.
wandb: Visualizing heatmap.
[0.19243072 0.20189232 0.20189232 0.20189232 0.20189232]
wandb: Visualizing heatmap.
[0.2 0.2 0.2 0.2 0.2]
[0.29468924 0.14298555 0.19751709 0.19751709 0.16729103]
wandb: Visualizing heatmap.
wandb: Visualizing heatmap.
[0.19242561 0.2018936  0.2018936  0.2018936  0.2018936 ]
[0.2 0.2 0.2 0.2 0.2]
wandb: Visualizing heatmap.
[0.19242221 0.20189445 0.20189445 0.20189445 0.20189445]
wandb: Visualizing heatmap.
wandb: Visualizing heatmap.
[0.19242051 0.20189487 0.20189487 0.20189487 0.20189487]
[0.2 0.2 0.2 0.2 0.2]
[0.19241711 0.20189572 0.20189572 0.20189572 0.20189572]
[0.19241542 0.20189615 0.20189615 0.20189615 0.20189615]
wandb: Visualizing heatmap.
[0.19241371 0.20189657 0.20189657 0.20189657 0.20189657]
wandb: Visualizing heatmap.
wandb: Visualizing heatmap.
[0.19241201 0.201897   0.201897   0.201897   0.201897  ]
[0.2 0.2 0.2 0.2 0.2]
wandb: Visualizing heatmap.
wandb: Visualizing heatmap.
[0.19240861 0.20189785 0.20189785 0.20189785 0.20189785]
wandb: Visualizing heatmap.
[0.19240691 0.20189827 0.20189827 0.20189827 0.20189827]
wandb: Visualizing heatmap.
wandb: Visualizing heatmap.
[0.19240521 0.2018987  0.2018987  0.2018987  0.2018987 ]
[0.1924035  0.20189912 0.20189912 0.20189912 0.20189912]
wandb: Visualizing heatmap.
[0.2 0.2 0.2 0.2 0.2]
[0.1924001  0.20189997 0.20189997 0.20189997 0.20189997]
wandb: Visualizing heatmap.
wandb: Visualizing heatmap.
[0.1923984 0.2019004 0.2019004 0.2019004 0.2019004]
wandb: Visualizing heatmap.
wandb: Visualizing heatmap.
[0.1923967  0.20190083 0.20190083 0.20190083 0.20190083]
[0.19239499 0.20190125 0.20190125 0.20190125 0.20190125]
[0.19239329 0.20190168 0.20190168 0.20190168 0.20190168]
[0.19239159 0.2019021  0.2019021  0.2019021  0.2019021 ]
wandb: Visualizing heatmap.
wandb: Visualizing heatmap.
[0.29437205 0.14314959 0.19754253 0.19754253 0.1673933 ]
[0.21611305 0.16607499 0.19956346 0.19102793 0.22722056]
wandb: Visualizing heatmap.
[0.2161099  0.16607763 0.19956503 0.19102765 0.2272198 ]
[0.21610674 0.16608026 0.19956659 0.19102738 0.22721903]
[0.21610346 0.16608292 0.19956819 0.19102713 0.2272183 ]
wandb: Visualizing heatmap.
[0.22211823 0.16682265 0.19447044 0.19447044 0.22211823]
[0.21609708 0.16608821 0.19957133 0.1910266  0.22721679]
wandb: Visualizing heatmap.
wandb: Visualizing heatmap.
[0.29427108 0.14320182 0.19755062 0.19755062 0.16742586]
wandb: Visualizing heatmap.
[0.29425666 0.14320928 0.19755178 0.19755178 0.16743051]
[0.29424223 0.14321674 0.19755294 0.19755294 0.16743516]
[0.2942278  0.1432242  0.19755409 0.19755409 0.16743981]
[0.29421337 0.14323166 0.19755525 0.19755525 0.16744446]
[0.30586869 0.14032169 0.19463897 0.19463897 0.16453168]
wandb: Visualizing heatmap.
wandb: Visualizing heatmap.
[0.29418452 0.14324659 0.19755756 0.19755756 0.16745377]
wandb: Visualizing heatmap.
[0.29417009 0.14325405 0.19755872 0.19755872 0.16745842]
[0.2 0.2 0.2 0.2 0.2]
wandb: Visualizing heatmap.
wandb: Visualizing heatmap.
[0.19236262 0.20190935 0.20190935 0.20190935 0.20190935]
wandb: Visualizing heatmap.
[0.19236091 0.20190977 0.20190977 0.20190977 0.20190977]
wandb: Visualizing heatmap.
wandb: Visualizing heatmap.
[0.29411236 0.14328391 0.19756335 0.19756335 0.16747703]
[0.21605597 0.16612249 0.19959167 0.19102301 0.22720685]
wandb: Visualizing heatmap.
[0.21605279 0.16612513 0.19959324 0.19102274 0.22720609]
wandb: Visualizing heatmap.
wandb: Visualizing heatmap.
[0.21604962 0.16612777 0.19959481 0.19102247 0.22720533]
[0.21604646 0.16613041 0.19959638 0.19102219 0.22720456]
[0.21604329 0.16613305 0.19959794 0.19102192 0.2272038 ]
[0.21604013 0.16613569 0.19959951 0.19102164 0.22720303]
wandb: Visualizing heatmap.
wandb: Visualizing heatmap.
[0.29401133 0.14333616 0.19757145 0.19757145 0.1675096 ]
[0.2939969  0.14334363 0.19757261 0.19757261 0.16751426]
[0.29398246 0.14335109 0.19757377 0.19757377 0.16751891]
[0.29396802 0.14335856 0.19757492 0.19757492 0.16752357]
wandb: Visualizing heatmap.
[0.30565971 0.1404395  0.19464955 0.19464955 0.16460169]
[0.29393915 0.14337349 0.19757724 0.19757724 0.16753288]
wandb: Visualizing heatmap.
[0.29392471 0.14338096 0.1975784  0.1975784  0.16753753]
wandb: Visualizing heatmap.
[0.29391028 0.14338843 0.19757956 0.19757956 0.16754219]
[0.29389584 0.14339589 0.19758071 0.19758071 0.16754684]
[0.30559822 0.14047416 0.19465267 0.19465267 0.16462229]
[0.29386696 0.14341083 0.19758303 0.19758303 0.16755615]
[0.29385252 0.1434183  0.19758419 0.19758419 0.16756081]
[0.30556132 0.14049496 0.19465454 0.19465454 0.16463465]
[0.29382364 0.14343323 0.1975865  0.1975865  0.16757012]
[0.2938092  0.1434407  0.19758766 0.19758766 0.16757478]
wandb: Visualizing heatmap.
[0.21598948 0.16617795 0.19962458 0.19101722 0.22719077]
[0.21598631 0.1661806  0.19962615 0.19101694 0.22719   ]
wandb: Visualizing heatmap.
[0.22204921 0.16692619 0.1944877  0.1944877  0.22204921]
[0.21597997 0.16618588 0.19962929 0.19101639 0.22718847]
wandb: Visualizing heatmap.
wandb: Visualizing heatmap.
[0.2159768  0.16618853 0.19963086 0.19101611 0.2271877 ]
[0.21597363 0.16619117 0.19963243 0.19101584 0.22718693]
wandb: Visualizing heatmap.
wandb: Visualizing heatmap.
[0.22204173 0.1669374  0.19448957 0.19448957 0.22204173]
[0.3054383  0.1405643  0.19466076 0.19466076 0.16467587]
wandb: Visualizing heatmap.
wandb: Visualizing heatmap.
[0.29367921 0.14350793 0.19759809 0.19759809 0.16761669]
[0.29366476 0.14351541 0.19759924 0.19759924 0.16762135]
wandb: Visualizing heatmap.
[0.29365031 0.14352288 0.1976004  0.1976004  0.167626  ]
[0.29363587 0.14353035 0.19760156 0.19760156 0.16763066]
[0.29362142 0.14353782 0.19760272 0.19760272 0.16763532]
wandb: Visualizing heatmap.
[0.29360697 0.14354529 0.19760388 0.19760388 0.16763998]
[0.29359253 0.14355277 0.19760504 0.19760504 0.16764464]
[0.29357808 0.14356024 0.1976062  0.1976062  0.16764929]
wandb: Visualizing heatmap.
wandb: Visualizing heatmap.
[0.19229423 0.20192644 0.20192644 0.20192644 0.20192644]
[0.19229251 0.20192687 0.20192687 0.20192687 0.20192687]
wandb: Visualizing heatmap.
wandb: Visualizing heatmap.
[0.29353473 0.14358266 0.19760967 0.19760967 0.16766327]
[0.29352028 0.14359013 0.19761083 0.19761083 0.16766793]
[0.29350583 0.14359761 0.19761199 0.19761199 0.16767259]
wandb: Visualizing heatmap.
[0.30526601 0.14066142 0.19466949 0.19466949 0.16473359]
wandb: Visualizing heatmap.
wandb: Visualizing heatmap.
[0.29347693 0.14361255 0.19761431 0.19761431 0.16768191]
[0.29346247 0.14362003 0.19761547 0.19761547 0.16768657]
wandb: Visualizing heatmap.
[0.29344802 0.1436275  0.19761662 0.19761662 0.16769123]
wandb: Visualizing heatmap.
wandb: Visualizing heatmap.
[0.29343357 0.14363498 0.19761778 0.19761778 0.16769589]
[0.29341912 0.14364245 0.19761894 0.19761894 0.16770055]
wandb: Visualizing heatmap.
[0.29340466 0.14364993 0.1976201  0.1976201  0.16770521]
wandb: Visualizing heatmap.
[0.29339021 0.1436574  0.19762126 0.19762126 0.16770987]
[0.29337575 0.14366488 0.19762242 0.19762242 0.16771453]
wandb: Visualizing heatmap.
[0.2933613  0.14367236 0.19762358 0.19762358 0.16771919]
[0.29334684 0.14367983 0.19762474 0.19762474 0.16772385]
wandb: Visualizing heatmap.
wandb: Visualizing heatmap.
[0.29333239 0.14368731 0.1976259  0.1976259  0.16772851]
wandb: Visualizing heatmap.
[0.29331793 0.14369479 0.19762706 0.19762706 0.16773317]
[0.29330347 0.14370226 0.19762822 0.19762822 0.16773783]
[0.29328902 0.14370974 0.19762937 0.19762937 0.16774249]
wandb: Visualizing heatmap.
wandb: Visualizing heatmap.
[0.30508133 0.14076553 0.19467884 0.19467884 0.16479546]
wandb: Visualizing heatmap.
[0.2932601  0.1437247  0.19763169 0.19763169 0.16775181]
[0.3050567  0.14077941 0.19468009 0.19468009 0.16480371]
wandb: Visualizing heatmap.
wandb: Visualizing heatmap.
[0.29323118 0.14373965 0.19763401 0.19763401 0.16776114]
wandb: Visualizing heatmap.
[0.30503207 0.14079329 0.19468134 0.19468134 0.16481196]
[0.29320227 0.14375461 0.19763633 0.19763633 0.16777046]
wandb: Visualizing heatmap.
[0.22197432 0.16703852 0.19450642 0.19450642 0.22197432]
[0.21585297 0.16629185 0.19969216 0.1910053  0.22715772]
wandb: Visualizing heatmap.
wandb: Visualizing heatmap.
[0.29315888 0.14377705 0.19763981 0.19763981 0.16778445]
[0.29314442 0.14378453 0.19764097 0.19764097 0.16778911]
wandb: Visualizing heatmap.
[0.30495817 0.14083495 0.19468508 0.19468508 0.16483672]
[0.30494585 0.1408419  0.1946857  0.1946857  0.16484085]
[0.29310104 0.14380697 0.19764445 0.19764445 0.1678031 ]
[0.30492121 0.14085579 0.19468695 0.19468695 0.1648491 ]
[0.30490889 0.14086273 0.19468757 0.19468757 0.16485323]
[0.29305764 0.14382941 0.19764793 0.19764793 0.16781709]
wandb: Visualizing heatmap.
wandb: Visualizing heatmap.
[0.29304318 0.14383689 0.19764909 0.19764909 0.16782175]
[0.29302872 0.14384437 0.19765025 0.19765025 0.16782642]
wandb: Visualizing heatmap.
[0.29301425 0.14385185 0.19765141 0.19765141 0.16783108]
[0.29299979 0.14385933 0.19765257 0.19765257 0.16783575]
[0.29298532 0.14386681 0.19765373 0.19765373 0.16784041]
wandb: Visualizing heatmap.
[0.29297085 0.1438743  0.19765489 0.19765489 0.16784507]
wandb: Visualizing heatmap.
[0.29295639 0.14388178 0.19765605 0.19765605 0.16784974]
wandb: Visualizing heatmap.
[0.29294192 0.14388926 0.19765721 0.19765721 0.1678544 ]
[0.29292745 0.14389674 0.19765837 0.19765837 0.16785907]
[0.29291298 0.14390423 0.19765953 0.19765953 0.16786373]
wandb: Visualizing heatmap.
wandb: Visualizing heatmap.
[0.29289851 0.14391171 0.19766069 0.19766069 0.1678684 ]
[0.29288405 0.14391919 0.19766185 0.19766185 0.16787306]
wandb: Visualizing heatmap.
[0.29286958 0.14392668 0.19766301 0.19766301 0.16787773]
wandb: Visualizing heatmap.
wandb: Visualizing heatmap.
[0.29285511 0.14393416 0.19766417 0.19766417 0.16788239]
[0.29284064 0.14394164 0.19766533 0.19766533 0.16788706]
wandb: Visualizing heatmap.
[0.29282617 0.14394913 0.19766649 0.19766649 0.16789172]
[0.29281169 0.14395661 0.19766765 0.19766765 0.16789639]
[0.29279722 0.1439641  0.19766881 0.19766881 0.16790106]
[0.29278275 0.14397158 0.19766997 0.19766997 0.16790572]
wandb: Visualizing heatmap.
[0.29276828 0.14397907 0.19767113 0.19767113 0.16791039]
[0.29275381 0.14398655 0.19767229 0.19767229 0.16791505]
wandb: Visualizing heatmap.
wandb: Visualizing heatmap.
[0.29273933 0.14399404 0.19767345 0.19767345 0.16791972]
[0.29272486 0.14400152 0.19767461 0.19767461 0.16792439]
wandb: Visualizing heatmap.
[0.29271039 0.14400901 0.19767578 0.19767578 0.16792905]
[0.29269591 0.14401649 0.19767694 0.19767694 0.16793372]
wandb: Visualizing heatmap.
[0.19218935 0.20195266 0.20195266 0.20195266 0.20195266]
